10830.634127
5562.945401
1905.637134
4667.561587
1838.475267
4691.042206
4914.463304
3098.596528
3469.010822
3764.592918
7781.251356
1217.967763
3522.153934
1647.583517
1134.127746
1801.306147
4025.490472
981.072459
1401.387225
1213.805752
2042.170472
1272.387116
2138.033094
7696.717389
2440.568331
2801.319080
2202.277771
2858.607947
2270.125081
2560.008805
6807.133827
6767.080797
2922.105307
1351.184048
2300.960957
1119.526717
1055.288554
2557.003508
3009.217928
2910.642783
1358.891413
2078.905935
2689.456185
2306.551401
1493.804504
3667.247517
2620.995098
1745.003427
3198.040047
2676.972258
2675.613617
7223.484968
2022.816653
6579.710605
903.971051
2398.132604
9931.756149
1189.632313
983.899573
3235.019786
1085.069359
3989.057204
1776.054115
791.543877
5668.369526
2298.335111
3008.281876
1592.446927
7548.471826
4695.126632
4907.521118
3511.704215
2010.002885
2145.976068
2011.268706
3140.402030
2562.982737
2577.745441
2600.551264
3597.669570
3505.114497
1791.827949
6760.778839
2592.519909
1273.542347
1989.037023
1683.158177
1253.545175
2237.735675
2316.324970
3727.529477
1844.676355
2429.877982
2292.440160
2870.909827
2705.079181
4822.519513
3258.436976
1508.892148
3132.295452
5244.940334
2157.303179
4138.620769
2139.913793
2504.601146
2031.913230
1073.673703
1978.875052
8253.694982
3824.817784
13778.879145
7167.343676
2490.846693
2518.679102
3422.555007
3754.176228
2394.759397
8251.735308
2749.851010
3717.960036
2410.072326
3296.481492
4618.223373
2065.559664
5451.191669
2769.723065
7429.859401
2368.092243
2635.083405
7969.511926
5761.241189
2845.414061
24606.991495
2856.308891
2458.991247
3450.272186
1869.741243
3204.162600
5352.320359
5195.899257
2507.659003
2069.346956
5192.454620
3545.546049
2086.932008
2915.685930
1802.673872
3126.936892
2496.832576
2404.997155
2021.391630
924.189645
4224.310219
2758.689439
5167.409804
4331.615563
2705.436387
3351.202407
17567.829226
1684.340394
2471.797122
1747.358240
1807.759284
1722.364323
1692.941410
2110.485177
17401.955952
2192.495552
14915.534822
8974.271353
1770.557848
7609.276675
1462.978839
2714.447012
2624.001127
1835.425334
1906.128210
3428.599935
2931.022865
2535.918512
2310.895000
2731.928656
6113.108236
2595.507996
3214.379765
1626.162815
2654.110963
2537.347318
2931.183088
2097.419646
2150.222606
2515.708911
2732.589837
5248.579474
2668.800833
2711.831335
2304.921230
2259.687277
2718.823978
22935.028661
2364.761408
1850.023762
4827.326540
3190.739040
4681.060683
2983.887218
2637.605916
4144.984667
2281.265364
2940.052100
1628.457771
3980.547931
8190.012605
1635.180367
4403.315519
1515.335084
3072.482236
214.901308
4448.376448
1513.727851
4761.866630
3582.528139
5464.824094
12234.425489
2786.433096
2396.876587
2097.893288
13155.525411
2694.033887
2587.348981
3963.575154
4709.066706
3265.596975
11005.845064
11784.245843
7228.626109
1529.599236
4959.798757
9159.885270
10046.232399
4846.940784
5829.599021
